780 20
819 19
780 59
818 58
855 59
897 58
935 58
979 59
1016 59
1055 54
1056 97
1056 134
1058 179
1060 218
1067 252
1066 304
1080 300
1067 333
1103 337
1066 382
1097 382
1063 418
1103 414
1062 455
1092 461
1095 494
1055 494
1000 492
960 492
931 493
891 480
857 480
817 463
822 497
781 460
781 492
744 468
746 494
707 461
732 450
732 425
693 421
698 380
694 338
660 340
668 295
658 257
623 254
614 213
573 220
537 220
495 220
461 219
418 222
386 222
350 226
330 262
360 266
342 301
373 309
344 348
372 345
343 372
376 383
346 419
378 419
342 458
378 464
335 497
372 505
348 542
379 546
346 583
295 581
256 583
220 583
178 590
181 614
142 616
138 587
93 588
102 616
58 615
58 590
20 615
13 587